18 8 8
19 7 17
11 2 18
10 3 1
10 10 6
12 16 3
16 10 9
18 9 19
19 0 18
16 10 14
10 0 7
10 11 15
10 10 6
19 18 9
16 9 17
15 10 1
14 0 18
17 16 1
11 4 7
19 17 18
19 14 19
16 2 15
16 15 18
19 1 17
18 15 16
12 0 19
16 19 1
13 19 9
18 4 13
18 17 3
10 5 10
13 6 5
14 19 8
11 3 9
16 16 11
10 6 19
16 1 8
14 9 4
14 5 13
17 7 19
10 15 1
11 2 14
18 12 5
14 1 12
10 6 11
19 3 7
13 6 2
10 0 12
15 7 11
19 5 1
17 10 12
17 1 4
17 0 16
11 1 4
17 6 3
19 18 18
10 1 6
19 17 1
11 8 10
16 5 8
19 11 8
16 2 8
12 14 12
16 0 4
18 19 3
15 8 4
12 6 6
10 17 15
16 10 9
13 6 12
14 7 18
17 15 9
14 17 5
17 14 3
15 15 19
16 13 15
11 9 18
17 14 5
19 6 17
17 12 15
12 6 18
18 7 2
17 3 16
14 5 2
18 10 11
18 2 18
11 4 12
16 6 7
12 1 9
13 14 18
14 8 10
12 13 4
16 0 19
19 6 8
12 9 15
9 3 6
18 11 1
19 13 18
14 0 2
16 3 2
