100
2
1 1
2 2
0
3
1 1
3 3
0
4
1 1
4 4
0
5
1 1
5 5
0
6
1 1
6 6
0
7
1 1
7 7
0
8
1 1
8 8
0
9
1 1
9 9
0
10
1 1
10 10
0
11
1 1
11 11
0
12
1 1
12 12
0
13
1 1
13 13
0
14
1 1
14 14
0
15
1 1
15 15
0
16
1 1
16 16
0
17
1 1
17 17
0
18
1 1
18 18
0
19
1 1
19 19
0
20
1 1
20 20
0
21
1 1
21 21
0
22
1 1
22 22
0
23
1 1
23 23
0
24
1 1
24 24
0
25
1 1
25 25
0
26
1 1
26 26
0
27
1 1
27 27
0
28
1 1
28 28
0
29
1 1
29 29
0
30
1 1
30 30
0
25
5 4
15 15
22
5 5 S
5 5 N
5 12 S
5 14 S
6 11 S
6 15 S
8 5 S
9 7 E
9 7 N
10 5 S
10 10 N
11 12 W
10 13 E
11 6 N
12 10 W
11 11 E
12 5 N
12 11 N
13 7 E
13 8 E
13 12 S
15 15 S
3
1 2
2 3
0
9
1 3
4 7
4
2 3 N
3 6 W
3 4 N
4 6 S
9
1 3
4 4
0
25
3 4
8 7
5
6 5 W
7 5 N
8 6 W
7 7 S
8 6 S
9
7 2
9 8
3
7 3 E
7 4 N
7 6 E
13
8 6
12 13
7
8 8 E
9 9 W
9 10 W
9 8 N
9 10 E
10 12 W
10 8 S
25
8 21
16 22
1
12 21 E
18
1 4
6 6
2
2 5 S
2 5 E
26
15 6
21 15
15
15 6 N
15 7 E
15 11 E
15 12 N
17 14 W
17 7 S
18 11 S
18 14 S
19 6 N
20 14 W
19 15 S
21 6 W
21 7 S
21 8 S
21 11 N
16
2 7
5 14
9
3 7 W
3 9 E
4 11 W
4 13 W
4 9 E
4 9 N
4 11 N
4 13 N
5 14 S
27
5 6
22 27
104
5 9 N
5 17 N
5 19 N
6 21 W
6 22 W
5 25 N
7 6 W
6 16 N
7 18 W
6 25 E
6 27 E
8 9 W
7 18 S
7 19 S
7 19 N
7 22 S
7 23 S
8 27 W
8 10 S
9 12 W
8 13 E
8 18 S
8 21 S
8 23 N
8 26 E
10 7 W
9 11 S
9 14 S
9 15 E
10 19 W
9 23 S
9 24 N
10 6 N
11 7 W
11 13 W
11 14 W
10 16 E
11 20 W
11 22 W
11 10 S
11 12 E
12 17 W
11 18 N
11 20 N
13 13 W
12 20 S
13 25 W
12 26 N
13 27 W
14 8 W
13 8 N
14 9 W
13 12 E
14 18 W
13 24 E
13 27 E
14 10 S
15 11 W
15 13 W
14 16 S
14 16 E
14 19 S
15 15 E
16 18 W
16 23 W
17 10 W
16 12 S
16 12 E
17 15 W
16 17 S
16 18 E
16 25 E
16 26 E
17 9 E
17 14 N
17 15 N
18 23 W
18 13 S
18 24 N
19 7 N
19 8 N
20 9 W
20 10 W
19 11 E
19 12 S
19 21 N
20 6 N
21 7 W
20 10 E
20 14 E
21 18 W
21 21 W
20 22 N
21 27 W
21 9 N
21 11 N
21 12 E
21 16 N
21 20 N
21 21 E
21 23 S
21 24 N
22 10 N
22 18 N
6
4 1
5 5
0
7
2 1
7 5
10
3 1 W
2 5 S
4 2 W
3 4 S
3 5 E
5 4 W
6 1 W
6 3 S
7 5 W
7 1 N
20
5 6
15 14
19
6 11 W
6 13 W
6 14 W
6 14 S
8 9 N
9 14 W
9 11 E
10 7 N
11 9 W
10 13 S
12 7 E
12 9 E
12 12 S
13 7 S
15 6 W
15 9 W
15 8 N
15 11 S
15 13 S
6
2 3
5 6
4
3 5 W
3 3 E
3 5 E
5 5 N
21
8 2
18 14
42
9 3 W
8 7 S
8 11 N
9 12 W
8 14 E
10 5 W
9 12 S
9 13 N
10 2 N
10 12 E
11 3 E
11 4 N
11 6 N
11 13 S
11 13 N
11 14 E
12 4 E
12 7 N
12 10 S
13 13 W
14 2 W
14 3 W
14 5 W
14 7 W
14 8 W
13 9 E
14 5 E
14 6 S
14 8 N
14 11 S
15 3 S
16 5 W
15 5 N
15 13 S
15 13 N
17 5 W
16 6 N
16 13 E
18 2 W
17 6 E
17 7 S
17 7 N
2
1 1
2 2
0
10
5 3
7 4
1
6 3 W
17
3 8
4 11
1
3 11 S
20
1 14
6 20
9
2 14 W
1 15 E
2 14 E
2 15 E
3 19 E
4 15 E
5 18 E
5 19 E
6 19 N
26
12 12
14 23
7
13 16 W
12 20 S
12 21 N
13 23 W
13 20 S
13 21 E
13 23 S
13
7 4
8 13
2
7 6 S
8 8 W
9
1 7
7 9
2
3 8 S
5 8 W
7
3 2
5 6
2
3 5 N
5 2 N
11
5 6
9 8
5
5 6 E
6 6 E
7 7 W
8 6 W
9 7 S
9
3 2
8 9
15
4 4 W
3 6 S
4 8 E
5 3 S
5 4 N
5 5 N
6 6 W
6 5 S
6 6 N
7 3 E
7 5 E
8 6 W
7 7 N
7 8 E
7 9 S
8
1 6
2 8
2
1 7 N
2 6 N
12
3 7
10 12
13
3 10 E
4 7 N
4 9 N
5 10 W
5 8 S
5 9 S
7 10 W
7 9 E
7 10 E
8 11 N
10 8 W
9 11 S
10 11 S
7
6 5
7 6
1
7 6 W
14
7 5
13 10
4
9 7 W
9 10 S
10 9 E
11 10 S
24
1 2
10 4
7
1 2 E
4 2 W
3 4 S
4 3 E
5 3 E
6 2 E
8 3 S
13
7 6
12 9
4
8 8 E
9 6 N
10 7 S
11 8 E
18
11 8
12 13
3
11 8 N
11 11 N
11 13 S
17
5 2
9 9
7
6 6 N
7 3 N
7 5 N
8 3 S
8 5 S
8 6 N
9 7 W
24
17 17
24 23
9
17 20 S
20 18 W
20 20 W
19 20 N
20 18 E
20 22 S
20 22 E
22 18 W
23 22 N
12
7 5
11 10
5
11 5 W
10 6 S
10 6 N
10 8 E
11 8 S
11
2 1
3 2
0
8
5 3
8 5
0
14
2 1
14 8
29
2 5 S
2 8 S
4 1 W
4 3 W
3 4 E
5 8 W
5 6 S
6 6 W
6 5 N
6 7 E
7 1 E
7 5 N
8 3 N
8 6 S
9 7 W
9 4 N
9 5 N
10 2 S
10 6 E
11 1 E
11 5 N
12 7 W
12 8 W
12 3 N
13 2 S
13 2 E
14 3 W
14 4 W
13 8 E
24
12 13
15 22
13
12 17 E
13 19 W
12 21 N
13 13 N
13 15 N
13 17 N
13 18 N
13 20 S
13 21 S
14 21 W
13 22 E
15 18 W
14 18 N
21
1 14
13 21
27
1 14 E
2 14 N
3 17 W
3 20 W
3 14 E
3 15 E
3 18 E
3 19 N
4 14 N
5 18 N
7 16 S
8 16 E
8 20 S
9 20 N
11 14 W
10 15 E
11 19 W
10 20 E
10 21 S
11 14 E
11 16 S
12 19 W
13 15 W
12 18 S
12 19 N
13 20 W
13 17 S
19
2 7
4 19
4
2 12 N
2 16 E
3 8 E
3 15 S
14
5 9
11 11
2
5 11 S
10 9 W
30
7 12
19 14
5
7 12 E
9 12 E
11 13 E
12 14 S
17 14 S
13
5 6
9 9
4
7 7 W
7 9 W
9 6 W
9 7 W
4
3 1
4 3
1
3 3 E
23
3 10
13 21
27
3 13 S
3 15 S
3 19 E
3 20 S
3 21 S
4 11 E
4 20 S
6 16 W
5 17 S
7 17 E
7 17 N
7 20 S
7 20 N
8 12 S
8 15 S
8 20 S
10 10 W
9 18 S
10 15 N
12 11 W
12 12 W
11 16 S
11 16 N
11 21 S
13 12 S
13 14 S
13 15 N
4
1 1
3 3
1
1 2 E
29
5 7
9 27
34
5 11 S
5 11 N
5 13 S
5 14 S
6 14 W
5 15 N
5 20 S
5 24 E
7 7 W
6 8 S
6 13 S
6 17 S
6 18 S
6 20 S
6 21 E
6 22 S
6 24 N
8 8 W
7 15 N
7 19 S
7 21 E
7 22 S
7 23 S
7 24 N
7 27 E
8 10 N
9 11 W
8 11 N
9 14 W
9 24 W
8 26 S
9 27 W
9 7 N
9 10 S
16
6 9
8 15
2
6 10 N
6 12 S
30
21 17
24 22
4
23 19 W
22 21 S
23 21 W
23 21 N
10
2 2
3 7
0
17
10 2
17 5
8
11 2 N
12 3 N
14 4 W
15 2 W
16 3 W
15 4 N
17 4 W
17 5 S
2
1 1
2 2
0
10
6 1
10 10
9
7 10 W
7 6 N
8 8 W
8 10 W
9 3 W
9 2 N
9 5 E
9 10 S
10 3 N
26
13 18
18 24
12
13 21 S
14 21 W
14 20 S
15 22 W
15 19 S
15 21 S
15 22 E
16 19 E
16 22 E
17 20 S
17 22 S
17 23 N
4
1 1
2 4
1
2 2 W
15
6 14
13 15
1
9 14 E
19
8 10
18 16
14
8 14 E
10 14 W
9 14 N
11 15 W
11 12 S
12 11 E
12 12 E
13 13 W
13 11 S
14 12 W
14 16 S
15 11 E
16 11 E
18 15 W
29
4 11
13 19
20
4 14 E
6 13 W
5 15 S
5 16 E
6 13 S
6 14 S
7 19 W
8 11 W
7 14 E
8 19 W
9 11 W
9 13 W
8 15 S
9 15 W
8 17 N
10 16 W
11 12 E
12 14 W
12 16 W
12 17 S
25
4 11
19 25
54
5 14 W
5 19 W
4 22 E
4 24 E
5 12 E
5 16 E
5 19 N
5 21 N
5 23 S
7 16 W
7 12 N
7 16 E
7 23 S
8 14 N
9 19 W
8 21 S
9 23 W
8 25 S
10 13 N
10 15 E
11 13 S
11 22 N
12 22 N
13 11 E
13 19 E
13 20 E
15 12 W
15 13 W
14 17 S
14 18 S
15 19 W
14 20 S
16 21 W
15 21 N
15 22 E
16 23 W
15 23 N
15 25 S
16 12 S
16 13 E
17 14 W
16 17 N
16 18 E
16 22 N
18 11 W
18 13 W
17 14 N
19 19 W
18 20 N
18 21 E
18 22 E
18 25 S
19 14 N
19 20 S
16
5 6
14 13
20
5 7 S
5 9 S
6 9 E
6 10 N
7 13 W
7 8 E
8 7 S
9 7 E
9 10 N
10 8 S
12 11 W
11 13 S
12 6 N
12 8 N
12 12 N
13 7 E
14 11 W
14 8 S
14 11 S
14 12 N
20
9 13
15 19
15
9 15 N
11 14 W
11 18 W
12 14 W
11 14 N
11 16 E
12 13 E
12 15 S
13 15 W
12 15 N
12 16 N
13 13 N
14 16 E
14 16 N
15 15 N
15
2 1
7 3
1
3 1 E
30
13 26
20 28
6
15 27 W
16 28 S
18 27 W
18 27 N
20 27 W
19 27 N
6
3 1
6 3
1
4 3 E
22
17 4
22 22
31
18 7 W
17 8 E
17 9 S
18 9 W
17 13 N
17 14 E
17 15 E
17 22 S
18 22 W
18 6 E
18 8 S
19 9 W
19 11 W
18 12 S
18 16 E
18 20 E
18 20 N
18 22 S
19 5 E
19 7 S
19 10 E
19 11 S
19 22 E
21 15 W
20 16 E
21 17 W
21 7 N
21 10 E
22 15 W
22 19 W
21 20 N
17
2 6
8 13
10
2 9 N
3 12 W
3 8 S
4 6 E
4 12 E
6 6 W
7 6 W
6 7 N
7 12 N
7 13 E
26
11 5
18 19
24
12 11 W
11 13 S
11 13 E
11 15 E
11 15 N
11 17 E
12 9 S
13 6 E
14 14 W
13 14 N
14 17 W
15 6 W
14 8 S
14 15 N
15 6 N
15 11 S
15 11 E
15 17 N
16 19 W
17 9 W
18 5 W
17 11 E
18 15 N
18 17 S
19
2 11
13 19
32
2 14 S
2 17 S
3 11 E
3 13 S
3 15 S
4 16 W
4 12 E
4 14 E
4 14 N
4 18 S
6 11 W
5 13 S
5 13 E
6 15 W
6 12 S
6 14 S
7 13 E
9 13 W
8 15 N
9 12 S
9 13 N
9 18 S
10 11 E
10 13 S
10 17 N
11 16 S
11 18 E
13 14 W
12 15 E
12 18 E
13 13 S
13 15 N
